[
  {
    "device_id": 1,
    "intrinsic": [796.89106345, 796.89106345, 857.777432, 476.8848988],
    "extrinsic": [
      [
        -0.9999276903573886, 0.008354415644232838, 0.00864972807562186,
        0.0010218327138318273
      ],
      [
        -0.008313502506843378, 0.03947443095774059, -0.9991859961872118,
        -0.2786568867614747
      ],
      [
        -0.008689058211769466, -0.9991856549409652, -0.03940212212034417,
        -0.9660031465562042
      ],
      [0.0, 0.0, 0.0, 1.0]
    ],
    "cameraModel": "PINHOLE"
  },
  {
    "device_id": 2,
    "intrinsic": [1252.813102118, 1252.8131, 826.588114788, 469.9846626224],
    "extrinsic": [
      [
        0.9999004617854402, 0.011024079244305082, -0.00880546410353029,
        -0.005201721304047169
      ],
      [
        -0.009396162771278563, 0.05473024172239994, -0.998456965905984,
        -0.3496365208044381
      ],
      [
        -0.010525143535311903, 0.9984403188562763, 0.054828378014839446,
        -0.6101842390835372
      ],
      [0.0, 0.0, 0.0, 1.0]
    ],
    "cameraModel": "PINHOLE"
  },
  {
    "device_id": 3,
    "intrinsic": [1257.862534212, 1257.8625342125, 827.24106, 450.915498],
    "extrinsic": [
      [
        0.5679012279787822, 0.8223308133888337, 0.035499698751542734,
        -0.03192291224104338
      ],
      [
        -0.014103902627634748, 0.052845135698371105, -0.9985031154501677,
        -0.34138322289412315
      ],
      [
        -0.8229758654971978, 0.566550461110288, 0.04160889117555018,
        -0.6262228729419803
      ],
      [0.0, 0.0, 0.0, 1.0]
    ],
    "cameraModel": "PINHOLE"
  },
  {
    "device_id": 4,
    "intrinsic": [1256.7485116, 1256.748511644, 817.78875709, 451.9541780],
    "extrinsic": [
      [
        0.5364850233209683, -0.8422239059944435, -0.053317088477923616,
        0.14936591741098937
      ],
      [
        -0.0006980604135978216, 0.06273575312105031, -0.998029928404952,
        -0.3284115305459032
      ],
      [
        0.8439095523004576, 0.5354653279641899, 0.03306886880804473,
        -0.687063100812793
      ],
      [0.0, 0.0, 0.0, 1.0]
    ],
    "cameraModel": "PINHOLE"
  },
  {
    "device_id": 5,
    "intrinsic": [1254.986056, 1254.98605658, 829.5769333, 467.1680561],
    "extrinsic": [
      [
        -0.3191160147378943, 0.9468537372774091, 0.040410015362612496,
        -0.21528284638173645
      ],
      [
        -0.015820080672119187, 0.037311333651226866, -0.9991784572481005,
        -0.2865219857335717
      ],
      [
        -0.9475836080184858, -0.3194931369919698, 0.0030726584090907446,
        -0.4316671318533736
      ],
      [0.0, 0.0, 0.0, 1.0]
    ],
    "cameraModel": "PINHOLE"
  },
  {
    "device_id": 6,
    "intrinsic": [1249.962928078, 1249.962928078, 825.37680453, 462.54816385],
    "extrinsic": [
      [
        -0.3826410713222113, -0.9227567499923839, -0.04588889714171529,
        0.18222584909358375
      ],
      [
        0.014387752109001145, 0.04371134354109773, -0.9989405943473727,
        -0.2944887235427416
      ],
      [
        0.9237850416231256, -0.3828959372849558, -0.003449359945700883,
        -0.42628663994241833
      ],
      [0.0, 0.0, 0.0, 1.0]
    ],
    "cameraModel": "PINHOLE"
  }
]
